1	0.00036
2	0.00037
3	0.00064
4	0.00098
5	0.00099
6	0.00167
7	0.00179
8	0.00224
9	0.00228
10	0.00238
11	0.00239
12	0.0025
13	0.00308
14	0.00361
15	0.00384
16	0.0041
17	0.00467
18	0.00482
19	0.00484
20	0.00513
21	0.0057
22	0.00617
23	0.00622
24	0.00723
25	0.00739
26	0.00777
27	0.00781
28	0.00784
29	0.0081
30	0.00832
31	0.00854
32	0.0088
33	0.0089
34	0.00916
35	0.00919
36	0.00921
37	0.00941
38	0.00979
39	0.01031
40	0.01055
41	0.01082
42	0.01133
43	0.01144
44	0.01146
45	0.01178
46	0.01182
47	0.0119
48	0.01205
49	0.01212
50	0.01215
51	0.01307
52	0.01336
53	0.01373
54	0.01406
55	0.01455
56	0.01462
57	0.01472
58	0.01496
59	0.01503
60	0.0153
61	0.01544
62	0.01586
63	0.01588
64	0.01597
65	0.01601
66	0.01603
67	0.0161
68	0.01635
69	0.01658
70	0.01675
71	0.01697
72	0.01701
73	0.01731
74	0.0177
75	0.01802
76	0.01821
77	0.01822
78	0.01852
79	0.01853
80	0.01859
81	0.01889
82	0.01898
83	0.019
84	0.01935
85	0.01938
86	0.01953
87	0.01975
88	0.01977
89	0.01997
90	0.02022
91	0.02023
92	0.02049
93	0.02069
94	0.02073
95	0.0209
96	0.02109
97	0.02115
98	0.02117
99	0.02119
100	0.02135
101	0.0218
102	0.0218
103	0.02213
104	0.02262
105	0.02335
106	0.02335
107	0.0235
108	0.02379
109	0.02385
110	0.02395
111	0.02411
112	0.02412
113	0.02452
114	0.02456
115	0.02503
116	0.02531
117	0.02557
118	0.02603
119	0.02616
120	0.02629
121	0.02673
122	0.0268
123	0.02701
124	0.02733
125	0.02739
126	0.02749
127	0.02753
128	0.02763
129	0.02803
130	0.02826
131	0.02848
132	0.02875
133	0.02917
134	0.02931
135	0.02962
136	0.02967
137	0.0297
138	0.02998
139	0.03076
140	0.03084
141	0.03165
142	0.03181
143	0.03202
144	0.03289
145	0.03296
146	0.03333
147	0.0334
148	0.03341
149	0.03352
150	0.03392
151	0.03418
152	0.03454
153	0.03466
154	0.03472
155	0.03521
156	0.03571
157	0.03577
158	0.03586
159	0.03594
160	0.03619
161	0.03631
162	0.03643
163	0.03661
164	0.03682
165	0.03688
166	0.03704
167	0.03713
168	0.03735
169	0.03753
170	0.03763
171	0.03763
172	0.03821
173	0.0384
174	0.03858
175	0.03948
176	0.03959
177	0.03968
178	0.03975
179	0.04007
180	0.04011
181	0.04038
182	0.0407
183	0.04141
184	0.04155
185	0.04156
186	0.04173
187	0.04194
188	0.04232
189	0.04241
190	0.04276
191	0.04284
192	0.04356
193	0.04417
194	0.04434
195	0.04454
196	0.04475
197	0.04493
198	0.04509
199	0.04514
200	0.04522
201	0.04546
202	0.04553
203	0.04561
204	0.04593
205	0.04611
206	0.04671
207	0.04702
208	0.04706
209	0.04742
210	0.04749
211	0.04752
212	0.04768
213	0.0479
214	0.04824
215	0.04833
216	0.04849
217	0.04856
218	0.04892
219	0.04901
220	0.04901
221	0.04926
222	0.04937
223	0.04986
224	0.04994
225	0.04995
226	0.05018
227	0.05038
228	0.05063
229	0.05109
230	0.05124
231	0.05127
232	0.05151
233	0.05175
234	0.0519
235	0.05195
236	0.05202
237	0.0524
238	0.05249
239	0.05277
240	0.05279
241	0.05293
242	0.05342
243	0.05364
244	0.05367
245	0.05371
246	0.05395
247	0.05413
248	0.05437
249	0.0544
250	0.0549
251	0.05528
252	0.05529
253	0.05574
254	0.05598
255	0.05641
256	0.05641
257	0.05651
258	0.05713
259	0.05735
260	0.05766
261	0.05777
262	0.05819
263	0.0582
264	0.05821
265	0.05842
266	0.05903
267	0.05935
268	0.05961
269	0.05961
270	0.05975
271	0.05985
272	0.06008
273	0.06041
274	0.06075
275	0.06089
276	0.06126
277	0.06136
278	0.06143
279	0.06164
280	0.06169
281	0.06217
282	0.06231
283	0.06238
284	0.06243
285	0.06264
286	0.06271
287	0.06271
288	0.0628
289	0.0629
290	0.06338
291	0.06359
292	0.0637
293	0.06374
294	0.06382
295	0.0641
296	0.06427
297	0.06441
298	0.06461
299	0.06484
300	0.06494
301	0.06498
302	0.06521
303	0.06544
304	0.06546
305	0.06563
306	0.06582
307	0.06596
308	0.06657
309	0.06706
310	0.06717
311	0.06761
312	0.06764
313	0.06808
314	0.06811
315	0.06864
316	0.0687
317	0.06896
318	0.06913
319	0.06925
320	0.06942
321	0.06973
322	0.06981
323	0.06987
324	0.0704
325	0.07054
326	0.07058
327	0.07059
328	0.07073
329	0.07075
330	0.07089
331	0.0711
332	0.0712
333	0.0715
334	0.07161
335	0.07161
336	0.07171
337	0.07207
338	0.07221
339	0.07299
340	0.07327
341	0.0736
342	0.07364
343	0.07406
344	0.07442
345	0.07465
346	0.07482
347	0.07505
348	0.07567
349	0.07581
350	0.07629
351	0.07635
352	0.07695
353	0.07722
354	0.07746
355	0.07746
356	0.07756
357	0.07795
358	0.07805
359	0.07814
360	0.07814
361	0.07826
362	0.0788
363	0.07891
364	0.07893
365	0.07919
366	0.07933
367	0.07953
368	0.08032
369	0.08058
370	0.08062
371	0.08074
372	0.0808
373	0.08112
374	0.08131
375	0.08147
376	0.08197
377	0.08247
378	0.08259
379	0.08261
380	0.08278
381	0.08352
382	0.08371
383	0.08392
384	0.08423
385	0.08484
386	0.08522
387	0.08532
388	0.08545
389	0.08593
390	0.08603
391	0.0862
392	0.08621
393	0.08636
394	0.08643
395	0.08727
396	0.08791
397	0.0887
398	0.08943
399	0.08973
400	0.08973
401	0.08989
402	0.09001
403	0.09011
404	0.09014
405	0.09033
406	0.09059
407	0.09092
408	0.09102
409	0.09109
410	0.09161
411	0.09185
412	0.09192
413	0.09229
414	0.09238
415	0.09238
416	0.09255
417	0.09259
418	0.09329
419	0.09346
420	0.09349
421	0.09365
422	0.09371
423	0.09381
424	0.09383
425	0.09404
426	0.09434
427	0.09451
428	0.09452
429	0.09464
430	0.0956
431	0.09574
432	0.09577
433	0.09633
434	0.0967
435	0.09751
436	0.09763
437	0.09782
438	0.09817
439	0.09818
440	0.0986
441	0.09895
442	0.09896
443	0.09899
444	0.09908
445	0.09938
446	0.09992
447	0.10008
448	0.10107
449	0.10118
450	0.10121
451	0.10156
452	0.10182
453	0.10199
454	0.10238
455	0.10248
456	0.10257
457	0.10315
458	0.10337
459	0.1041
460	0.10423
461	0.10483
462	0.10492
463	0.1053
464	0.10557
465	0.10646
466	0.10689
467	0.10721
468	0.10776
469	0.10798
470	0.10868
471	0.10884
472	0.10891
473	0.10899
474	0.10905
475	0.10945
476	0.10972
477	0.11029
478	0.11061
479	0.1108
480	0.11083
481	0.11169
482	0.11197
483	0.11212
484	0.1127
485	0.11373
486	0.1146
487	0.11467
488	0.11514
489	0.11527
490	0.1164
491	0.11691
492	0.11706
493	0.11706
494	0.11712
495	0.11727
496	0.11746
497	0.11761
498	0.11836
499	0.1185
500	0.11854
501	0.11979
502	0.11982
503	0.12003
504	0.12039
505	0.12067
506	0.12067
507	0.12093
508	0.12137
509	0.12138
510	0.12152
511	0.12171
512	0.1223
513	0.12236
514	0.12272
515	0.12285
516	0.1232
517	0.12404
518	0.12429
519	0.12434
520	0.12457
521	0.12469
522	0.12478
523	0.12512
524	0.1258
525	0.12594
526	0.12607
527	0.12647
528	0.12664
529	0.1269
530	0.12706
531	0.12707
532	0.12804
533	0.12906
534	0.12909
535	0.12913
536	0.12941
537	0.12983
538	0.13042
539	0.13064
540	0.1308
541	0.13152
542	0.13176
543	0.13272
544	0.13339
545	0.13362
546	0.13432
547	0.13506
548	0.13598
549	0.13678
550	0.13697
551	0.13739
552	0.13757
553	0.13916
554	0.13948
555	0.13991
556	0.14064
557	0.14064
558	0.14105
559	0.14171
560	0.14281
561	0.14333
562	0.14355
563	0.14397
564	0.14446
565	0.14447
566	0.14455
567	0.14456
568	0.14471
569	0.14477
570	0.14485
571	0.14491
572	0.14538
573	0.14567
574	0.14595
575	0.14621
576	0.14703
577	0.1475
578	0.1476
579	0.14844
580	0.14858
581	0.14932
582	0.14954
583	0.15001
584	0.15031
585	0.15033
586	0.15079
587	0.15118
588	0.15128
589	0.15129
590	0.15233
591	0.15286
592	0.1531
593	0.15321
594	0.15326
595	0.15382
596	0.15546
597	0.15563
598	0.15604
599	0.15617
600	0.15697
601	0.15699
602	0.15742
603	0.15761
604	0.15922
605	0.15953
606	0.15983
607	0.16037
608	0.16107
609	0.16165
610	0.16191
611	0.16223
612	0.16263
613	0.16282
614	0.16369
615	0.16378
616	0.1661
617	0.16659
618	0.16802
619	0.16842
620	0.16916
621	0.16988
622	0.17053
623	0.17078
624	0.17111
625	0.1727
626	0.1736
627	0.17391
628	0.17464
629	0.17538
630	0.1761
631	0.1771
632	0.17722
633	0.17741
634	0.17828
635	0.17886
636	0.17899
637	0.17921
638	0.1796
639	0.17986
640	0.18086
641	0.18093
642	0.18127
643	0.18184
644	0.18255
645	0.18256
646	0.18288
647	0.18308
648	0.18343
649	0.18343
650	0.18365
651	0.18544
652	0.18546
653	0.18582
654	0.18583
655	0.18606
656	0.18621
657	0.18652
658	0.1866
659	0.18661
660	0.18769
661	0.18799
662	0.18818
663	0.18823
664	0.18863
665	0.18899
666	0.19076
667	0.19081
668	0.19083
669	0.19094
670	0.19098
671	0.19111
672	0.19205
673	0.19351
674	0.19436
675	0.19445
676	0.19565
677	0.19643
678	0.19649
679	0.19662
680	0.19691
681	0.19845
682	0.19864
683	0.19892
684	0.19899
685	0.19904
686	0.1997
687	0.20007
688	0.20068
689	0.20082
690	0.20099
691	0.20141
692	0.20145
693	0.20243
694	0.20309
695	0.20344
696	0.20444
697	0.20446
698	0.2054
699	0.20582
700	0.20669
701	0.20683
702	0.20684
703	0.20706
704	0.20726
705	0.20732
706	0.20755
707	0.20868
708	0.20872
709	0.20923
710	0.20934
711	0.21148
712	0.21157
713	0.21211
714	0.21307
715	0.21321
716	0.21324
717	0.21342
718	0.21344
719	0.21361
720	0.21399
721	0.21433
722	0.21539
723	0.21625
724	0.21712
725	0.21713
726	0.21763
727	0.21816
728	0.2186
729	0.22057
730	0.22133
731	0.22188
732	0.22258
733	0.22565
734	0.22695
735	0.2273
736	0.22906
737	0.23019
738	0.23031
739	0.23056
740	0.2306
741	0.23089
742	0.23103
743	0.23107
744	0.23231
745	0.23289
746	0.23291
747	0.23303
748	0.23456
749	0.23475
750	0.23521
751	0.23541
752	0.23555
753	0.23642
754	0.23642
755	0.23818
756	0.23853
757	0.23858
758	0.23929
759	0.23933
760	0.23959
761	0.24055
762	0.2406
763	0.24074
764	0.24167
765	0.24201
766	0.24242
767	0.24345
768	0.24467
769	0.24795
770	0.24838
771	0.24872
772	0.24988
773	0.25078
774	0.25086
775	0.25185
776	0.25323
777	0.25746
778	0.25814
779	0.2591
780	0.25998
781	0.26169
782	0.26186
783	0.26204
784	0.26234
785	0.26257
786	0.26315
787	0.26337
788	0.26504
789	0.26507
790	0.26564
791	0.26661
792	0.26726
793	0.26883
794	0.26984
795	0.27114
796	0.2742
797	0.2743
798	0.27622
799	0.27796
800	0.27933
801	0.28082
802	0.28086
803	0.28099
804	0.28377
805	0.28458
806	0.28462
807	0.28465
808	0.28566
809	0.28652
810	0.28974
811	0.29056
812	0.29247
813	0.29296
814	0.29336
815	0.29342
816	0.29393
817	0.29594
818	0.29607
819	0.29651
820	0.29662
821	0.29667
822	0.29833
823	0.29914
824	0.30032
825	0.30111
826	0.3028
827	0.30299
828	0.30883
829	0.31043
830	0.31212
831	0.31348
832	0.31423
833	0.31438
834	0.3151
835	0.31732
836	0.31966
837	0.32021
838	0.32249
839	0.32278
840	0.32404
841	0.32526
842	0.32766
843	0.32833
844	0.33003
845	0.33063
846	0.33081
847	0.33182
848	0.33432
849	0.33692
850	0.33727
851	0.33748
852	0.33764
853	0.33804
854	0.33818
855	0.33891
856	0.34713
857	0.35019
858	0.35068
859	0.35296
860	0.35398
861	0.35453
862	0.35509
863	0.35615
864	0.35618
865	0.35655
866	0.35822
867	0.36003
868	0.36189
869	0.36291
870	0.36458
871	0.36502
872	0.36627
873	0.36739
874	0.36818
875	0.37245
876	0.37776
877	0.37837
878	0.37838
879	0.37922
880	0.38614
881	0.39109
882	0.39295
883	0.39484
884	0.39669
885	0.39824
886	0.39968
887	0.40232
888	0.40595
889	0.40617
890	0.40711
891	0.40796
892	0.4103
893	0.41282
894	0.41507
895	0.41565
896	0.41839
897	0.41942
898	0.42798
899	0.42991
900	0.43004
901	0.43239
902	0.43284
903	0.43413
904	0.43445
905	0.4401
906	0.44247
907	0.44268
908	0.44313
909	0.44329
910	0.44406
911	0.44565
912	0.44976
913	0.45039
914	0.45274
915	0.45589
916	0.45732
917	0.46134
918	0.46254
919	0.46749
920	0.46858
921	0.46917
922	0.47103
923	0.47169
924	0.48003
925	0.48094
926	0.48097
927	0.48388
928	0.48471
929	0.491
930	0.49192
931	0.49206
932	0.49281
933	0.49479
934	0.49586
935	0.49695
936	0.50361
937	0.50576
938	0.50753
939	0.5078
940	0.51626
941	0.5187
942	0.52604
943	0.53892
944	0.53917
945	0.54033
946	0.5453
947	0.5482
948	0.55088
949	0.55753
950	0.56013
951	0.56333
952	0.56466
953	0.5656
954	0.56834
955	0.57393
956	0.57626
957	0.58554
958	0.58602
959	0.58896
960	0.59182
961	0.59474
962	0.60657
963	0.60826
964	0.61039
965	0.62914
966	0.63545
967	0.64043
968	0.65818
969	0.65894
970	0.6597
971	0.66286
972	0.71393
973	0.72384
974	0.75405
975	0.76624
976	0.77146
977	0.77402
978	0.78686
979	0.79537
980	0.80514
981	0.80621
982	0.81231
983	0.81448
984	0.81648
985	0.81723
986	0.82628
987	0.82643
988	0.82806
989	0.83112
990	0.85751
991	0.89646
992	0.91065
993	0.93094
994	0.94755
995	0.95898
996	1.01632
997	1.10167
998	1.11263
999	1.29847
