175.51
168.73
185.02
180.0
175.65
185.45
191.33
186.25
183.52
174.0
180.85
179.04
175.7
185.48
176.0
178.4
193.7
172.3
168.32
180.94
177.65
181.2
186.16
178.27
178.07
188.57
169.63
181.83
175.49
188.97
176.54
185.58
167.03
169.73
181.37
184.37
169.31
181.8
179.62
186.18
164.84
189.94
177.31
169.8
166.02
178.12
175.9
173.6
167.56
197.68
171.47
170.68
175.78
184.77
177.34
169.9
183.25
148.28
175.63
187.63
181.01
172.91
174.93
177.3
192.25
173.65
173.92
175.01
189.47
180.87
183.02
181.64
184.52
179.95
180.98
192.99
161.62
179.57
178.31
183.34
187.04
176.86
192.88
192.73
183.23
172.26
172.97
196.99
177.98
180.22
189.54
179.92
190.42
183.22
174.88
177.72
175.3
178.71
192.12
189.4
171.37
170.83
187.04
162.29
181.23
168.7
169.95
188.67
190.1
170.39
171.43
187.03
182.55
176.58
173.4
172.19
174.98
173.21
168.63
169.1
180.06
173.53
187.93
191.62
194.2
177.85
172.07
179.48
180.29
183.85
177.16
171.74
180.91
183.8
176.76
161.93
184.24
191.16
182.73
186.54
178.04
186.06
173.77
174.3
181.34
181.48
176.29
188.51
178.3
175.56
185.48
183.4
176.41
173.35
178.1
186.99
202.01
167.34
171.55
189.49
185.93
170.73
177.68
177.81
177.2
178.35
182.33
178.93
187.51
175.76
188.94
180.01
189.09
167.52
185.97
183.39
179.34
179.89
186.24
181.18
177.66
183.19
182.96
170.16
169.45
176.68
178.46
185.81
188.58
173.88
179.77
173.63
182.14
171.64
184.22
185.81
174.84
169.91
181.61
181.79
162.0
187.49
180.37
176.87
173.24
185.43
182.54
178.28
178.35
156.62
186.31
166.81
163.21
182.38
171.8
170.92
175.9
168.47
169.44
173.82
172.26
179.66
173.71
183.54
171.82
197.34
190.22
178.34
176.52
184.3
175.0
177.64
171.5
173.92
183.62
191.64
176.34
179.96
164.98
178.28
181.16
180.26
185.54
180.62
165.0
178.17
189.88
185.65
169.37
181.02
188.09
175.82
181.94
175.99
179.07
171.27
175.96
171.11
160.28
189.04
160.81
175.8
174.49
182.48
172.74
175.49
189.14
172.75
185.45
171.57
189.95
194.52
184.95
180.7
176.22
165.48
170.7
185.73
172.8
189.9
174.0
170.87
181.11
171.67
171.76
173.75
169.2
179.22
181.37
178.74
176.34
172.07
167.44
187.19
184.94
188.21
184.42
185.66
187.16
155.9
174.29
180.6
180.13
163.7
184.9
174.52
192.82
182.02
176.03
176.9
180.08
179.96
184.23
176.8
170.8
176.89
181.24
179.77
191.61
167.95
183.92
183.29
169.56
179.01
176.89
172.65
180.18
190.48
179.33
184.04
169.87
179.9
188.29
171.16
180.5
183.31
169.47
187.47
180.52
187.31
185.91
178.02
182.76
188.91
180.14
173.36
180.89
181.72
185.7
172.8
175.74
179.33
176.91
182.63
187.11
176.73
185.71
175.57
181.52
182.1
184.04
183.74
166.82
188.25
170.24
183.32
167.56
173.82
180.62
181.31
181.53
169.91
185.75
178.26
172.09
186.51
184.88
181.55
184.59
186.77
179.87
175.1
172.53
180.56
182.05
180.31
178.07
190.29
176.41
184.36
179.74
177.92
183.04
187.67
167.86
180.52
170.89
170.7
165.02
174.97
178.28
171.1
174.09
171.74
185.61
177.65
180.31
175.35
182.14
173.0
180.3
186.58
176.6
172.27
171.5
181.37
180.64
178.96
181.09
172.95
164.6
166.82
189.07
182.64
187.77
187.02
182.59
185.41
167.1
188.74
171.14
185.42
177.7
182.28
172.42
182.36
172.04
185.33
159.82
164.94
185.35
174.87
179.7
177.51
171.07
180.65
188.68
192.84
180.38
191.7
173.5
175.04
179.09
190.65
176.82
175.57
187.09
179.32
178.77
178.92
187.23
178.27
179.67
175.85
183.81
177.96
184.66
186.99
176.4
178.97
175.86
186.98
177.36
189.24
183.45
175.98
175.98
193.23
173.08
180.37
178.87
179.34
177.47
178.3
180.72
186.55
188.79
183.47
178.3
179.52
179.06
184.69
180.59
179.31
176.45
170.02
188.15
174.4
184.66
177.72
184.79
180.9
194.1
179.83
177.6
183.96
184.47
175.88
189.37
171.69
176.95
183.51
184.21
192.21
172.71
183.34
168.29
179.14
179.66
168.79
178.0
179.87
169.38
180.0
183.52
182.99
178.03
186.89
200.26
173.51
183.28
171.16
173.58
175.46
178.43
180.46
178.72
180.37
169.84
175.98
172.75
172.79
167.59
161.0
175.87
179.48
180.75
180.3
179.23
188.37
179.04
187.53
177.98
186.12
179.7
179.98
164.94
183.45
175.53
182.85
166.25
195.59
177.8
188.94
170.71
191.29
179.64
187.54
180.48
186.0
181.76
185.71
177.77
173.81
178.46
169.47
181.48
167.69
177.32
177.54
180.96
180.06
180.93
178.56
172.51
175.78
183.85
177.18
177.27
184.27
178.36
190.64
171.16
180.09
183.66
179.58
182.37
172.98
178.28
194.99
185.1
180.38
180.88
185.78
177.24
180.03
170.87
178.25
184.67
173.76
178.41
168.95
181.68
176.84
185.36
188.9
169.45
184.38
180.99
179.14
177.77
179.11
180.2
170.81
173.52
163.8
184.97
187.15
191.84
177.9
176.13
187.32
177.82
177.67
192.99
183.51
178.09
177.2
181.06
168.39
185.29
180.31
170.28
164.6
186.82
190.46
178.1
179.74
188.79
185.67
179.87
174.81
181.21
188.45
186.47
182.82
178.13
169.84
195.3
178.25
168.39
170.65
184.12
176.42
183.43
171.37
175.79
185.61
178.67
183.75
174.48
186.65
190.96
177.63
178.16
173.16
169.64
168.79
177.92
179.07
183.7
169.11
182.77
194.47
174.05
177.91
176.01
181.07
181.61
189.49
178.22
181.21
176.32
174.47
172.95
179.99
174.54
195.3
173.12
171.48
159.01
168.06
180.86
192.08
164.69
187.0
182.73
176.53
175.1
175.68
168.8
174.63
178.91
167.83
191.72
180.33
190.62
176.26
194.53
190.27
189.41
174.46
180.43
187.25
185.16
184.32
180.93
179.13
175.53
184.67
177.0
184.39
