[35.  4.  9.  4. 27. 25. 15. 21. 27. 11. 14. 15. 23. 27. 48.  1.  3.  3.
 15. 18.  4.  9. 14.  7. 27. 20. 15. 27. 19. 20.  1. 20.  9. 19. 20.  9.
  3. 19. 49. 27. 20.  8.  1. 20. 27. 44. 47. 50. 27. 15.  6. 27.  1. 12.
 12. 27. 16. 18. 15.  7. 18.  1. 13. 13.  5. 18. 19. 27.  6.  1.  3.  5.
 27. 51. 19. 25. 14. 20.  1. 24. 27.  5. 18. 18. 15. 18. 19. 51. 27.  4.
  1.  9. 12. 25. 30. 27.  9. 20. 51. 19. 27. 20. 18. 21.  5. 29. 27. 16.
 18. 15.  7. 18.  1. 13. 13.  9. 14.  7. 27.  3.  1. 14. 27.  2.  5. 27.
  3.  8.  1. 12. 12.  5. 14.  7.  9. 14.  7. 33. 27.  2. 21. 20. 27.  9.
 20. 51. 19. 27.  1. 12. 19. 15. 27. 18.  5. 23.  1. 18.  4.  9. 14.  7.
 28. 27.  3. 15. 14. 19.  9.  4.  5. 18. 27. 20.  8.  9. 19. 52. 27. 23.
  8.  5. 14. 27. 25. 15. 21. 27. 19. 15. 12. 22.  5. 27.  1. 27.  3. 15.
 13. 16. 12.  5. 24. 27.  2. 21.  7. 27. 48.  1.  6. 20.  5. 18. 27.  8.
 15. 21. 18. 19. 27. 15.  6. 27.  6. 18. 21. 19. 20. 18.  1. 20.  9. 15.
 14. 49. 33. 27. 20.  8.  5. 27.  6.  5.  5. 12.  9. 14.  7. 27.  9. 19.
 27.  9. 14.  3. 18.  5.  4.  9.  2. 12.  5. 29. 27. 14. 21. 13.  2.  5.
 18. 19. 33. 27. 19. 21.  3.  8. 27.  1. 19. 27. 38. 33. 27. 39. 33. 27.
  1. 14.  4. 27. 40. 33. 27. 15.  6. 20.  5. 14. 27.  1. 16. 16.  5.  1.
 18. 27.  9. 14. 27.  3. 15.  4.  5. 33. 27.  2. 21. 20. 27.  4. 15. 14.
 51. 20. 27.  6. 15. 18.  7.  5. 20. 27. 19. 25. 13.  2. 15. 12. 19. 27.
 12.  9. 11.  5. 27. 50. 33. 27. 54. 33. 27.  1. 14.  4. 27. 55. 28. 27.
  6. 15. 18. 27.  5. 24.  1. 13. 16. 12.  5. 33. 27.  1. 27.  3.  1. 12.
  3. 21. 12.  1. 20.  9. 15. 14. 27. 13.  9.  7.  8. 20. 27. 12. 15. 15.
 11. 27. 12.  9. 11.  5. 27. 20.  8.  9. 19. 52. 27. 48.  1. 27. 57. 27.
  2. 49. 27. 58. 27.  3. 27. 34. 27. 18.  5. 19. 21. 12. 20. 28. 27.  1.
 12. 19. 15. 33. 27.  1. 12. 23.  1. 25. 19. 27.  1. 19. 11. 52. 27. 51.
  9. 19. 27. 13. 25. 27.  3. 15.  4.  5. 27.  5.  6.  6.  9.  3.  9.  5.
 14. 20. 30. 51. 27.  5.  6.  6.  9.  3.  9.  5. 14.  3. 25. 27.  9. 19.
 27. 11.  5. 25. 53. 27.  9. 20. 27. 19.  1. 22.  5. 19. 27. 20.  9. 13.
  5. 27.  1. 14.  4. 27. 18.  5. 19. 15. 21. 18.  3.  5. 19. 29. 35. 37.]